-------einzelneWerte-------------------------
16BitValue:2454
VoltageValue:1.97265625

-------Messreihe-------------------------
Messreihe:[2452, 2452, 2452, 2452, 2446, 2452, 2452, 2452, 2456, 2452, 2452, 2452, 2456, 2452, 2454, 2448, 2446, 2448, 2452, 2452, 2454, 2454, 2454, 2452, 2454, 2452, 2452, 2452, 2454, 
2452, 2454, 2452, 2454, 2450, 2454, 2452, 2448, 2458, 2452, 2452, 2454, 2452, 2454, 2454, 2456, 2454, 2452, 2452, 2452, 2452, 2454, 2452, 2452, 2452, 2454, 2450, 2452, 2454, 2452, 2454, 
2452, 2452, 2454, 2452, 2456, 2452, 2454, 2452, 2456, 2452, 2454, 2452, 2452, 2452, 2454, 2452, 2452, 2454, 2458, 2452, 2452, 2452, 2452, 2452, 2454, 2452, 2452, 2452, 2452, 2452, 2452, 
2452, 2452, 2452, 2454, 2452, 2452, 2460, 2450, 2458, 2452, 2452, 2452, 2452, 2456, 2454, 2454, 2452, 2454, 2452, 2452, 2452, 2452, 2452, 2452, 2452, 2452, 2452, 2448, 2456, 2450, 2452, 
2454, 2452, 2452, 2452, 2454, 2452, 2454, 2452, 2452, 2452, 2454, 2452, 2452, 2454, 2454, 2452, 2452, 2452, 2452, 2450, 2450, 2452, 2456, 2452, 2454, 2452, 2454, 2452, 2454, 2452, 2452, 
2452, 2454, 2452, 2454, 2452, 2454, 2448, 2450, 2458, 2452, 2452, 2456, 2452, 2454, 2452, 2454, 2452, 2454, 2452, 2454, 2452, 2452, 2452, 2454, 2452, 2452, 2456, 2450, 2452, 2452, 2452, 
2454, 2454, 2454, 2452, 2452, 2452, 2454, 2452, 2454, 2454, 2452, 2452, 2450, 2452, 2454, 2448, 2450, 2454, 2454, 2452, 2452, 2452, 2456, 2452, 2452, 2454, 2456, 2452, 2456, 2454, 2454, 
2452, 2454, 2452, 2452, 2452, 2454, 2452, 2452, 2452, 2454, 2452, 2454, 2452, 2456, 2452, 2452, 2452, 2456, 2452, 2454, 2452, 2454, 2452, 2456, 2452, 2452, 2452, 2450, 2456, 2454, 2452, 
2452, 2456, 2456, 2454, 2452, 2452, 2452, 2452, 2452, 2452, 2452, 2452, 2452, 2452, 2456, 2454, 2454, 2452, 2456, 2452, 2452, 2454, 2450, 2454, 2454, 2452, 2454, 2452, 2452, 2452, 2452, 
2452, 2452, 2452, 2446, 2458, 2456, 2452, 2456, 2452, 2454, 2452, 2454, 2452, 2450, 2452, 2454, 2452, 2452, 2452, 2454, 2452, 2454, 2452]

Messreihe:[1.97265625, 1.97265625, 1.982421875, 1.97265625, 1.97265625, 1.982421875, 1.97265625, 1.97265625, 1.97265625, 1.982421875, 1.9921875, 1.97265625, 1.943359375, 1.97265625, 
1.982421875, 1.97265625, 1.982421875, 1.982421875, 1.982421875, 1.982421875, 1.97265625, 1.97265625, 1.97265625, 1.97265625, 1.982421875, 1.97265625, 1.982421875, 1.97265625, 1.97265625, 
1.97265625, 1.97265625, 1.943359375, 1.9921875, 1.982421875, 1.982421875, 1.97265625, 1.97265625, 1.97265625, 1.982421875, 1.982421875, 1.97265625, 1.97265625, 1.97265625, 1.97265625, 
1.982421875, 1.97265625, 1.962890625, 1.97265625, 1.982421875, 1.982421875, 1.97265625, 1.97265625, 1.982421875, 1.97265625, 1.982421875, 1.982421875, 1.982421875, 1.97265625, 1.97265625, 
1.982421875, 1.97265625, 1.97265625, 1.982421875, 1.97265625, 1.982421875, 1.97265625, 1.982421875, 1.982421875, 1.982421875, 1.97265625, 1.97265625, 1.97265625, 1.97265625, 1.97265625, 
1.97265625, 1.97265625, 1.9921875, 1.982421875, 1.97265625, 1.97265625, 1.982421875, 1.97265625, 1.97265625, 1.982421875, 1.982421875, 1.97265625, 1.982421875, 1.97265625, 1.97265625, 
1.97265625, 2.001953125, 2.001953125, 1.953125, 1.9921875, 1.97265625, 1.97265625, 1.97265625, 1.97265625, 1.97265625, 1.97265625, 1.982421875, 1.97265625, 1.97265625, 1.97265625, 1.982421875, 
1.97265625, 1.97265625, 1.97265625, 1.97265625, 1.97265625, 1.97265625, 1.953125, 2.001953125, 2.001953125, 1.97265625, 1.97265625, 1.97265625, 1.97265625, 1.97265625, 1.962890625, 1.962890625, 
1.982421875, 1.982421875, 1.97265625, 1.97265625, 1.97265625, 1.97265625, 1.97265625, 1.97265625, 1.97265625, 1.982421875, 1.97265625, 1.97265625, 1.97265625, 1.982421875, 1.97265625, 1.982421875, 
1.982421875, 1.982421875, 1.97265625, 1.982421875, 1.982421875, 1.9921875, 1.97265625, 1.97265625, 1.97265625, 1.982421875, 1.97265625, 1.97265625, 1.97265625, 1.9921875, 1.97265625, 1.97265625, 
1.982421875, 1.953125, 1.982421875, 2.001953125, 1.97265625, 1.982421875, 1.97265625, 1.982421875, 1.97265625, 1.97265625, 1.97265625, 1.97265625, 1.97265625, 1.982421875, 1.97265625, 1.982421875, 
1.97265625, 1.982421875, 1.97265625, 1.97265625, 2.001953125, 1.97265625, 1.982421875, 1.97265625, 1.97265625, 1.982421875, 1.97265625, 1.982421875, 1.97265625, 1.97265625, 1.9921875, 1.982421875, 
1.97265625, 1.982421875, 1.982421875, 1.982421875, 1.982421875, 1.982421875, 1.982421875, 1.982421875, 1.9921875, 2.001953125, 1.97265625, 1.982421875, 1.97265625, 1.982421875, 1.982421875, 
1.9921875, 1.982421875, 1.982421875, 1.97265625, 1.982421875, 1.982421875, 1.982421875, 1.982421875, 1.97265625, 1.97265625, 1.982421875, 1.97265625, 1.9921875, 1.97265625, 1.97265625, 1.982421875, 
1.982421875, 1.97265625, 1.97265625, 1.97265625, 1.982421875, 1.97265625, 1.982421875, 1.97265625, 1.97265625, 1.982421875, 1.982421875, 1.982421875, 1.97265625, 1.982421875, 1.97265625, 
1.982421875, 1.982421875, 1.97265625, 1.982421875, 1.9921875, 1.9921875, 1.97265625, 1.9921875, 1.97265625, 1.97265625, 1.97265625, 1.982421875, 1.97265625, 1.982421875, 1.97265625, 1.97265625, 
1.9921875, 1.97265625, 1.97265625, 1.982421875, 1.97265625, 1.97265625, 1.97265625, 1.962890625, 1.962890625, 1.953125, 1.97265625, 1.982421875, 1.982421875, 1.97265625, 1.97265625, 1.982421875,
1.97265625, 1.982421875, 1.97265625, 1.982421875, 1.97265625, 1.982421875, 1.97265625, 1.97265625, 1.982421875, 1.982421875, 1.97265625, 1.97265625, 1.982421875, 1.953125, 1.97265625, 1.982421875, 
1.97265625, 1.982421875, 1.97265625, 1.97265625, 1.97265625, 1.97265625, 1.97265625, 1.982421875, 1.97265625, 1.9921875, 1.97265625, 1.97265625, 1.97265625, 1.9921875, 1.97265625, 1.982421875, 
1.97265625, 1.9921875, 1.97265625, 1.9921875, 1.97265625]

Samplerate:8021.0

-------Ausgabe-------------------------
VoltageValue:None